rect: (
    (1166.641845703125, 1930.034912109375), 
    (858.8773193359375, 3155.834716796875), 0.7419628500938416)
box: [
    [ 716.8062  3502.2588 ]
    [ 757.6722   346.68893]
    [1616.4775   357.81104]
    [1575.6116  3513.3809 ]
]
box_ordered: [
    [ 757.6722   346.68893]
    [1616.4775   357.81104]
    [1575.6116  3513.3809 ]
    [ 716.8062  3502.2588 ]
]
M: [
    [ 9.97730471e-01  1.29210324e-02 -7.60432200e+02]
    [-1.29420519e-02  9.99334899e-01 -3.36652518e+02]
    [-1.12553496e-11 -2.91572008e-13  1.00000000e+00]
]