box_4: [
    (1616.4775132610025, 357.81085035576984), 
    (1575.6114296409262, 3513.380652856654), 
    (716.8062021840714, 3502.2587292627613), 
    (757.6722858041478, 346.6889267618769)
]
w > h, swapping
w, h: 859, 3156
box_4_ordered: [
    (757.6722858041478, 346.6889267618769), 
    (1616.4775132610025, 357.81085035576984), 
    (1575.6114296409262, 3513.380652856654), 
    (716.8062021840714, 3502.2587292627613)
]
M_forward: [
    [0.9988948573134455, 0.012936148880079837, -761.3197693903531], 
    [-0.012945951294440428, 0.9996517735630015, -336.75941200299593], 
    [-2.097554803385874e-19, -2.7164301650030384e-21, 1.0]
]

M_inv: [
    [1.0009384935394585, -0.012952799879580484, 757.672285804148], 
    [0.01296261491129722, 1.000180603011374, 346.6889267618769], 
    [2.0998754653991354e-19, -9.868694994964699, 1.0000000000000002]
]